Control_F1:  0.47485389610389617
Control_Recall:  0.49851720516324294
Control_Precision:  0.4989288924927845
