Control_F1:  0.6178867204378511
Control_Recall:  0.6758256168169622
Control_Precision:  0.6279773607193144
