Control_F1:  0.6405567675616022
Control_Recall:  0.6858365019011408
Control_Precision:  0.6677763873411897
