Control_F1:  0.6600978234030146
Control_Recall:  0.6602931526941485
Control_Precision:  0.6626141875653637
