Control_F1:  0.5646369637308079
Control_Recall:  0.6534168237018425
Control_Precision:  0.6147643155598557
