Control_F1:  0.6549961021782944
Control_Recall:  0.6898821910920543
Control_Precision:  0.6774514330651622
