Control_F1:  0.7115184106451993
Control_Recall:  0.7286254695518755
Control_Precision:  0.7256096665617041
