Control_F1:  0.529189457981104
Control_Recall:  0.5466866289369308
Control_Precision:  0.5388698632930723
