Control_F1:  0.7211901706283729
Control_Recall:  0.7291942891510272
Control_Precision:  0.7188567130622907
