Control_F1:  0.48468139888453965
Control_Recall:  0.49060943821973235
Control_Precision:  0.49054847556847014
