Control_F1:  0.35983772819472615
Control_Recall:  0.28105196451204056
Control_Precision:  0.5
