Control_F1:  0.6071432599885591
Control_Recall:  0.6302436535272357
Control_Precision:  0.6249329028237103
