Control_F1:  0.7310133554181508
Control_Recall:  0.7522286719964801
Control_Precision:  0.7469216876020733
